3.493022260000000097e+04
2.856692020000000412e+04
6.124549359999998705e+04
4.468823320000000240e+04
3.219544479999999749e+04
5.976283539999999630e+04
4.985841639999999461e+04
6.189559059999999590e+04
3.903949120000000403e+04
2.339782960000000094e+04
3.056637820000000647e+04
1.229271340000000055e+05
3.082095400000000154e+04
6.004144840000001568e+04
2.980155820000000313e+04
2.694659440000000541e+04
3.771963040000000183e+04
2.422274260000000140e+04
3.842107959999999730e+04
4.542683080000000336e+04
3.579337660000000324e+04
1.896412900000000081e+05
2.815610260000000562e+04
3.729023860000000423e+04
2.897336739999999918e+04
1.751643399999999965e+05
1.083299979999999923e+05
8.788745200000000477e+04
1.121322459999999992e+05
2.107612479999999923e+05
2.555899239999999554e+04
4.016705440000000817e+04
6.921710320000001229e+04
3.254507680000000619e+04
5.788574859999999899e+04
5.485159840000000258e+04
5.662707340000000113e+04
2.942570380000000296e+04
1.084174060000000172e+05
3.758851840000000084e+04
2.724705940000000555e+04
4.336946500000000378e+04
9.609287800000001153e+04
3.125471619999999893e+04
5.366394220000001224e+04
4.567048060000000260e+04
2.356827520000000368e+04
3.155736640000000625e+04
9.600546999999998661e+04
2.871879159999999683e+04
5.055549520000000484e+04
2.616320019999999931e+04
4.928480140000000392e+04
5.124274060000000463e+04
3.736344279999999708e+04
3.764861140000000887e+04
3.672317920000001322e+04
2.979063220000000365e+04
6.989451520000000892e+04
7.146130359999999928e+04
6.459759040000000823e+04
2.476030179999999382e+04
2.006656239999999816e+05
1.310560779999999795e+05
1.753173040000000037e+05
4.703732320000000618e+04
5.880353260000000591e+04
8.000980600000002596e+04
2.825771439999999711e+04
1.904170360000000219e+05
7.891720600000000559e+04
4.830801700000001438e+04
3.379501119999999355e+04
4.712145339999999851e+04
2.309517940000000817e+04
3.971362540000000445e+04
5.053801360000000568e+04
2.320006899999999951e+04
8.042499400000000605e+04
2.397800020000000950e+04
3.076850920000000042e+04
2.485972839999999633e+04
3.761364819999999600e+04
7.490408620000000519e+04
3.936399340000000666e+04
6.123019720000000962e+04
6.847413519999998971e+04
3.374912199999999575e+04
2.848716040000001158e+04
2.345027439999999842e+04
3.053360020000000441e+04
5.160876159999999800e+04
3.231453820000000633e+04
2.613807040000000052e+04
5.878495840000000317e+04
1.145141140000000159e+05
2.757483940000000075e+04
