3.824971676379999844e+05
3.123349879420000361e+05
4.237035271420000354e+05
2.867202239260000060e+05
5.072299315420000348e+05
3.659310974319999805e+05
3.031470834580000374e+05
2.882515413399999961e+05
2.817086396620000014e+05
2.975786564980000257e+05
3.596666171019999892e+05
3.680192575419999775e+05
3.527060834020000184e+05
7.129833077140001114e+05
2.661170441739999806e+05
4.097824597419999773e+05
2.733559992220000131e+05
2.616623026059999829e+05
4.527985580080000218e+05
5.115454624360000016e+05
3.355831705000000075e+05
3.524276620540000149e+05
3.128918306379999849e+05
3.627292519300000276e+05
6.311274314020001329e+05
2.427296509419999784e+05
2.925670722340000211e+05
4.412440720660000225e+05
3.958613923419999774e+05
4.566964568800000125e+05
3.456063390280000167e+05
2.288085835419999785e+05
3.735876845019999892e+05
5.263017938800000120e+05
3.417084401560000260e+05
2.896436480800000136e+05
2.620799346280000173e+05
3.863950665099999751e+05
6.763709004520000890e+05
3.905713867300000275e+05
3.212444710780000314e+05
4.011513979539999855e+05
4.469517097000000067e+05
2.566507183420000365e+05
2.082054037900000112e+05
3.474160777900000103e+05
2.570683503640000126e+05
2.288085835419999785e+05
3.680192575419999775e+05
2.288085835419999785e+05
3.680192575419999775e+05
