3.493025000553420978e+04
2.856694502423581798e+04
6.124553168042635662e+04
4.468826456390920794e+04
3.219547109616094531e+04
5.976287287898029172e+04
4.985844986121414695e+04
6.189562894414072798e+04
3.903952027247502701e+04
2.339785232737407932e+04
3.056640383532373744e+04
1.229271971018240001e+05
3.082097973859339982e+04
6.004148599200074386e+04
2.980158352507152813e+04
2.694661856694434391e+04
3.771965893706834322e+04
2.422276566200325033e+04
3.842110842161394976e+04
4.542686246352420130e+04
3.579340435567599343e+04
1.896413801646811480e+05
2.815612725758604938e+04
3.729026696288389940e+04
2.897339238911270149e+04
1.751644242920500401e+05
1.083300551804389397e+05
8.788750088784056425e+04
1.121323047228356299e+05
2.107613467320743657e+05
2.555901600405817953e+04
4.016708392987542175e+04
6.921714451414084760e+04
3.254510323799053003e+04
5.788578531753272546e+04
5.485163388671787106e+04
5.662710960694623645e+04
2.942572897260472382e+04
1.084174632158963213e+05
3.758854688388224895e+04
2.724708368882914147e+04
4.336949582894575724e+04
9.609293021640354709e+04
3.125474211455072509e+04
5.366397720494052191e+04
4.567051236236168916e+04
2.356829799651600479e+04
3.155739243732195973e+04
9.600552218094613636e+04
2.871881648584303548e+04
5.055552894398687931e+04
2.616322404915743027e+04
4.928483462852500088e+04
5.124277462277066661e+04
3.736347119257946179e+04
3.764863990825921792e+04
3.672320733285404276e+04
2.979065752063934997e+04
6.989455678893566073e+04
7.146134582450946618e+04
6.459762984021747980e+04
2.476032508006622447e+04
2.006657186367451795e+05
1.310561443993617577e+05
1.753173883541004616e+05
4.703735551682671939e+04
5.880356968983537081e+04
8.000985169224275160e+04
2.825773909880527208e+04
1.904171264793655719e+05
7.891725124902531388e+04
4.830804983228859783e+04
3.379503814503128524e+04
4.712148575095445995e+04
2.309520200460284832e+04
3.971365474594018451e+04
5.053804733689539717e+04
2.320009164715172665e+04
8.042503986066539073e+04
2.397802316272255121e+04
3.076853491731896065e+04
2.485975172039902100e+04
3.761367669407625363e+04
7.490412982108765573e+04
3.936402260411059979e+04
6.123023527422133338e+04
6.847417621275296551e+04
3.374914892641615006e+04
2.848718519188094069e+04
2.345029714864851849e+04
3.053362582202721387e+04
5.160879577124850039e+04
3.231456454447165015e+04
2.613809423896342923e+04
5.878499548230068467e+04
1.145141736890496686e+05
2.757486382179436623e+04
